P0: 960.000000 0 960 0 0 960.000000 540 0 0 0 1 0
P1: 960.000000 0 960 0 0 960.000000 540 0 0 0 1 0
P2: 960.000000 0 960 0 0 960.000000 540 0 0 0 1 0
P3: 960.000000 0 960 0 0 960.000000 540 0 0 0 1 0
R0_rect: 1 0 0 0 1 0 0 0 1
Tr_velo_to_cam: 0 -1 0 0 0 0 -1 0 1 0 0 0
Tr_imu_to_velo: 1 0 0 0 0 1 0 0 0 0 1 0